image: localization_map.pgm
resolution: 0.050000
origin: [-2.754399, -2.979984, 0.000000]
negate: 0
occupied_thresh: 0.65
free_thresh: 0.196

