image: localization_map_vicon.pgm
resolution: 0.050000
origin: [-4.093119, -2.285216, 0.000000]
negate: 0
occupied_thresh: 0.65
free_thresh: 0.196

